These scores is about women for every men, The second line is the score for frist men ans so on. Frist element in frist men line means the frist women's score to this frist men.
13.65 14.65 13.65 14.65 18.4 15.65 9.8 20.9 14.65 12.65 14.65 15.65 13.8 13.65 16.9 15.65 16.05 14.65 12.15 4.65 14.65 14.65 14.4 9.9 6.65 14.65 20.9 16.4 14.65 14.65 14.65 15.65 15.65 13.65 15.65 13.65 13.15 15.65 13.15 15.65 20.9 15.65 10.9 12.15 8.15 4.65 14.9 11.15 14.65 13.65 8.15 20.9 13.65 14.65 13.65 13.15 20.9 12.15 8.8 11.65 23.4 14.65 14.65 4.65 14.65 12.65 7.15 13.4 
31.25 32.9 32.25 32.25 32.25 31.25 26.25 22.25 45.75 41.25 32.25 31.25 29.75 45.0 30.4 36.0 24.75 32.25 42.25 31.25 42.25 22.25 27.25 21.25 11.25 33.25 33.9 28.75 31.25 39.75 40.75 32.25 31.25 31.25 32.25 32.25 31.25 39.75 31.25 32.25 32.25 30.4 24.75 28.75 22.75 23.75 38.75 28.75 32.25 32.25 25.25 31.25 41.25 46.4 31.25 42.25 32.25 32.25 26.25 26.25 22.25 33.25 32.25 33.75 39.75 28.75 26.25 24.75 
21.5 47.0 39.75 58.75 36.25 49.75 48.5 16.25 37.25 38.75 38.75 49.75 49.75 26.25 34.5 36.25 26.0 38.75 49.75 32.75 46.0 28.75 35.0 32.5 25.0 39.75 35.5 35.25 45.0 38.75 39.75 49.75 49.75 48.75 38.75 49.75 39.75 38.75 47.75 45.0 26.25 47.0 33.75 49.75 36.5 56.25 26.25 45.0 39.75 38.75 37.5 27.25 47.75 36.5 37.75 39.75 26.25 40.75 58.5 48.75 33.5 39.75 39.75 36.25 38.75 28.75 37.5 45.0 
25.9 26.15 32.15 23.15 14.15 31.15 17.15 21.65 15.65 32.15 32.15 29.65 19.65 20.65 5.65 14.65 5.65 33.15 19.65 18.15 24.65 24.65 5.65 5.65 17.15 33.15 19.65 12.15 30.65 32.15 33.15 27.15 29.65 40.65 25.65 43.15 19.65 32.15 25.65 33.15 21.65 32.15 5.65 21.3 16.15 17.15 4.65 19.65 22.15 33.15 17.15 8.65 22.15 19.65 32.15 19.65 20.65 19.65 17.15 22.15 4.65 33.15 29.65 17.15 34.15 32.15 18.15 5.65 
33.5 26.25 26.25 26.25 39.75 26.25 24.75 29.75 27.25 35.25 26.25 27.25 26.0 41.25 37.5 29.75 34.75 27.25 37.25 31.25 42.25 16.25 32.0 32.5 12.25 35.5 33.5 30.25 27.25 36.25 36.0 26.25 27.25 26.25 28.25 26.25 27.25 36.0 27.25 28.25 38.5 24.75 28.75 24.0 22.5 21.5 46.5 25.0 32.25 26.25 23.75 31.5 35.25 26.25 25.25 41.25 37.5 26.25 22.75 23.5 33.5 27.25 27.25 36.5 34.75 25.25 24.75 28.75 
42.5 42.75 53.75 39.75 34.75 52.75 32.75 32.25 37.25 61.25 53.75 45.25 36.25 51.25 21.25 37.0 21.25 46.25 46.25 43.75 51.25 31.25 21.25 21.25 22.75 54.75 41.25 29.75 36.25 68.75 57.25 48.75 55.25 43.75 41.25 47.25 46.0 63.75 46.25 53.75 50.5 51.25 22.25 36.25 32.75 33.75 32.25 37.25 47.0 55.75 42.75 25.25 48.75 41.25 54.75 46.25 37.25 36.25 38.75 35.25 21.25 54.75 64.5 43.75 62.25 54.75 33.75 22.25 
37.5 47.75 63.75 42.25 43.25 57.75 33.75 43.25 44.75 58.75 63.75 51.25 41.25 47.25 29.75 38.75 27.25 64.75 38.75 34.75 41.25 36.25 22.25 22.25 28.75 64.75 51.25 33.75 54.75 58.75 57.25 56.25 56.25 52.25 47.25 52.25 43.75 58.75 49.75 64.75 53.25 63.75 22.25 36.25 37.75 33.75 23.75 41.25 46.25 64.75 43.75 32.75 41.25 51.25 63.75 38.75 47.25 43.75 33.75 60.75 21.25 64.75 63.75 33.75 60.75 48.75 39.75 22.25 
33.5 30.25 41.25 34.75 34.75 37.75 27.75 27.25 34.75 49.75 38.75 30.25 28.75 46.25 23.75 18.75 18.75 36.25 41.25 33.75 36.25 23.75 23.75 13.75 15.25 37.25 36.25 27.25 26.25 48.75 44.75 36.25 37.75 31.25 36.25 34.75 30.25 38.75 31.25 38.75 37.25 27.75 22.25 31.25 21.75 27.25 34.75 23.75 31.25 39.75 30.25 27.75 44.75 36.25 38.75 41.25 33.9 33.75 26.25 15.25 21.25 32.25 38.75 27.25 39.75 38.75 26.25 22.25 
27.5 54.25 40.25 43.75 32.25 42.75 41.25 22.25 31.25 58.75 42.75 43.75 42.75 28.75 29.75 31.0 27.25 41.25 60.25 38.75 42.75 45.25 28.75 16.25 26.25 38.75 30.25 31.25 43.75 40.25 41.25 43.75 43.75 43.75 43.75 43.75 52.0 35.25 43.75 41.25 38.0 33.75 23.75 43.75 37.75 37.25 34.75 40.25 63.5 41.25 41.25 30.25 48.75 31.25 40.25 48.75 28.75 43.75 41.25 33.75 20.25 36.25 51.0 49.75 39.75 30.25 41.25 26.25 
37.5 41.25 44.75 42.25 29.75 43.75 36.25 22.25 29.75 54.75 43.75 41.25 39.75 39.75 23.75 18.75 18.75 43.75 52.25 43.75 59.75 33.75 23.75 14.75 22.75 39.75 32.25 26.25 52.25 51.25 49.75 41.25 43.75 42.25 43.75 47.4 41.25 43.75 41.25 56.25 32.25 32.75 22.25 39.75 31.75 33.75 33.75 47.25 42.25 44.75 36.25 28.75 51.25 32.25 43.75 52.9 32.25 42.25 37.25 25.25 22.25 37.25 44.75 36.25 44.75 42.25 37.25 22.25 
26.25 26.25 27.25 26.0 26.0 26.25 22.5 17.25 27.0 36.25 27.25 26.25 24.75 36.25 22.5 26.0 22.25 27.25 36.0 31.25 37.25 17.25 23.5 21.25 11.25 28.25 27.25 23.75 26.25 37.25 37.0 26.0 26.25 25.0 27.25 27.25 25.0 36.0 25.0 27.25 27.25 26.25 22.25 23.75 20.25 21.25 32.5 23.75 26.0 27.25 21.5 25.0 35.0 27.25 26.25 36.0 27.25 26.0 22.5 24.15 22.25 28.25 27.25 31.25 37.25 26.25 22.5 22.25 
35.0 47.75 41.25 44.75 32.25 42.75 42.75 22.25 32.25 53.75 43.75 42.75 43.75 36.25 31.25 31.25 31.25 41.25 53.75 46.25 66.25 33.75 31.25 37.85 30.25 42.25 31.25 37.25 56.25 48.75 47.25 43.75 42.75 43.75 43.75 44.75 42.75 46.25 43.75 56.25 29.75 41.25 29.75 48.75 42.75 41.25 42.25 63.9 48.75 56.65 42.75 30.25 53.75 31.25 44.75 53.75 32.25 43.75 48.75 42.75 32.9 42.25 43.75 51.25 54.75 39.75 50.35 32.25 
37.5 31.25 44.75 27.25 32.25 41.25 23.75 29.75 34.75 52.25 41.25 31.25 24.75 52.25 21.25 26.25 21.25 43.75 34.75 33.75 37.25 16.25 21.25 22.25 12.75 44.75 39.75 26.25 34.75 53.75 54.75 36.25 36.25 32.25 26.25 33.25 23.75 53.75 28.75 41.25 42.25 40.25 22.25 24.75 21.75 23.75 32.9 24.75 27.25 44.75 28.75 23.75 36.25 39.75 41.25 33.75 34.75 24.75 24.75 25.25 22.25 44.75 39.75 33.75 49.75 44.75 24.75 22.25 
38.5 50.0 53.75 54.0 44.75 63.75 37.75 45.5 47.25 65.0 63.0 54.0 31.25 41.25 17.25 37.25 15.0 50.0 43.75 29.75 32.5 44.75 26.25 22.5 23.75 52.25 41.25 38.75 41.25 54.75 48.5 59.75 68.5 53.75 36.25 57.25 29.0 48.5 52.25 53.75 42.25 47.75 28.25 42.25 27.75 39.75 16.25 28.75 46.25 54.75 33.75 21.25 34.75 41.25 54.75 32.25 38.25 39.5 39.75 43.75 26.25 51.0 51.25 38.5 49.75 57.0 28.75 28.25 
26.25 27.75 31.25 32.25 45.75 30.25 31.25 37.0 32.25 36.25 31.25 28.75 31.25 34.75 44.75 21.25 33.5 32.25 36.25 27.25 28.75 21.25 38.5 23.5 16.25 27.25 37.5 37.5 29.75 33.75 34.75 31.25 31.25 32.25 32.25 32.25 31.25 26.25 32.25 32.25 39.5 21.25 36.0 31.25 27.75 28.75 48.75 26.25 31.25 32.25 31.25 36.5 36.25 31.25 31.25 36.25 38.5 31.25 31.25 21.25 30.0 24.75 31.25 26.25 28.25 23.75 32.25 36.0 
25.0 56.25 49.75 56.4 47.25 58.75 51.25 28.9 47.25 62.25 50.4 53.75 44.75 34.75 28.75 38.75 26.25 46.25 57.25 33.75 44.75 46.25 38.75 38.85 25.25 49.75 37.25 41.25 37.25 46.25 39.75 58.75 60.4 54.75 43.75 55.75 43.75 43.75 53.75 48.75 37.25 45.25 34.75 54.75 36.75 46.25 28.75 44.75 57.25 63.15 46.25 31.25 43.75 37.25 48.75 43.75 32.25 46.4 52.25 47.75 32.25 47.25 49.75 48.75 47.25 38.9 48.85 37.25 
14.65 26.3 30.65 20.65 29.4 29.65 14.65 26.9 25.65 30.65 29.65 22.15 18.15 30.65 22.55 17.15 33.4 27.15 18.15 14.65 23.15 12.15 20.9 21.9 3.65 30.65 38.55 23.4 15.65 29.65 25.65 24.65 27.15 20.65 22.15 24.15 17.15 29.65 17.15 29.65 43.15 27.8 21.9 18.15 12.65 14.65 20.9 18.15 20.65 30.65 19.65 25.9 19.65 32.3 29.65 17.15 38.15 18.15 15.65 11.15 21.9 30.65 28.15 14.65 28.15 20.65 15.65 34.4 
31.5 38.75 52.25 51.25 26.25 48.0 52.25 16.25 27.25 48.75 38.75 48.0 39.75 36.25 26.25 26.25 27.25 47.0 49.75 44.0 49.75 28.75 26.25 23.75 40.0 52.25 27.25 25.25 38.75 57.0 62.25 48.0 39.75 38.75 51.25 39.75 39.75 48.75 37.75 38.75 26.25 38.75 25.0 52.25 37.75 50.0 36.25 38.75 39.75 38.75 38.75 27.25 60.25 28.25 37.75 49.75 26.25 53.25 39.75 38.75 24.75 39.75 39.75 47.5 48.75 38.75 38.75 26.25 
32.5 58.5 58.75 39.75 30.75 47.75 33.75 38.25 32.25 48.75 58.75 43.75 46.25 37.25 49.0 21.25 29.75 59.75 36.25 34.75 33.75 41.25 22.25 14.75 33.75 54.75 54.5 28.75 57.25 48.75 49.75 43.75 46.25 44.75 52.25 47.25 46.25 41.25 42.25 59.75 48.25 57.0 22.25 36.25 42.75 33.75 21.25 41.25 48.75 59.75 43.75 35.25 38.75 54.5 58.75 36.25 47.25 46.25 33.75 28.75 21.25 52.25 56.25 26.25 40.75 38.75 44.75 22.25 
47.5 50.25 53.75 37.25 35.75 50.25 33.75 30.75 34.75 81.25 51.25 41.25 33.75 52.25 22.25 18.75 24.75 54.75 63.75 44.75 41.25 46.25 22.25 14.75 23.75 49.75 38.75 26.25 47.25 63.75 64.75 46.25 48.75 42.25 39.75 53.0 36.25 56.25 42.25 54.75 43.25 43.75 22.25 33.75 32.75 33.75 31.25 28.75 48.75 54.75 43.75 22.75 46.25 43.75 53.75 56.2 37.25 36.25 33.75 28.75 21.25 47.25 51.25 48.75 55.75 53.75 34.75 22.25 
31.25 25.25 23.75 32.25 22.25 22.75 30.25 22.25 31.0 41.25 28.75 20.25 28.75 46.25 18.75 33.75 13.75 31.25 31.25 28.75 36.25 26.25 31.25 16.25 10.25 22.25 21.25 22.25 31.25 36.25 39.75 21.25 20.25 21.25 23.75 24.75 30.25 28.75 21.25 28.75 29.75 21.25 29.75 18.75 12.75 13.75 29.75 24.75 31.25 25.75 22.75 32.75 36.25 27.5 34.75 33.75 22.25 23.75 18.75 17.75 16.25 22.25 21.25 23.75 32.25 32.25 16.25 17.25 
37.5 39.75 45.75 38.75 30.0 43.75 35.0 21.25 32.25 54.75 44.75 43.75 38.5 32.25 22.75 31.25 32.5 44.75 48.5 33.75 39.75 39.75 22.5 27.85 26.1 44.75 32.25 30.0 43.75 44.75 44.75 43.75 43.75 44.75 38.75 44.75 37.5 43.75 41.5 43.75 31.25 42.75 21.25 37.5 34.0 32.75 22.75 37.5 39.75 69.65 44.0 30.6 37.75 42.25 43.75 37.5 31.25 38.5 35.0 40.25 22.25 44.75 44.75 32.75 43.75 34.75 54.1 22.5 
31.25 30.25 46.25 31.4 43.25 45.25 21.25 41.6 57.25 46.25 47.9 38.75 23.75 53.5 24.75 42.5 22.25 47.25 26.25 22.25 28.75 18.75 22.25 22.25 11.25 47.25 46.25 33.75 42.25 46.25 47.25 43.75 45.4 39.75 29.75 39.75 26.25 46.25 37.25 47.25 48.25 43.75 22.25 23.75 20.25 21.25 23.75 23.75 28.75 47.25 26.25 27.75 28.75 58.75 46.25 26.25 42.25 27.9 21.25 31.25 21.25 47.25 46.25 21.25 45.75 39.6 22.25 22.25 
42.5 43.75 67.25 58.9 39.75 53.75 48.75 33.9 42.25 64.75 55.4 48.75 42.25 49.75 26.25 36.25 23.75 53.75 52.25 43.75 54.75 33.75 23.75 22.25 35.25 67.25 42.25 33.75 49.75 61.25 74.75 53.75 55.4 49.75 56.25 50.75 41.25 61.25 46.25 53.75 42.25 52.75 22.25 54.75 34.25 46.25 36.25 42.25 44.75 54.75 41.25 31.25 66.25 42.25 53.75 51.25 37.25 58.1 37.25 42.75 22.25 54.75 54.75 43.75 64.75 53.9 37.25 24.75 
27.5 45.25 53.75 44.75 28.25 42.75 38.75 33.25 32.25 43.75 53.75 36.25 51.25 32.25 37.25 29.5 27.25 54.75 38.75 34.75 33.75 43.75 27.25 12.25 33.75 44.75 36.25 28.75 54.75 50.0 42.25 38.75 45.0 42.25 54.75 44.75 83.0 31.25 52.25 54.75 51.5 43.75 24.75 36.25 40.25 33.75 23.75 41.25 62.0 54.75 55.0 40.25 43.75 38.75 53.75 43.75 39.75 53.75 45.0 31.25 16.25 44.75 63.25 26.25 35.75 33.75 47.25 24.75 
28.5 48.75 48.75 40.75 27.25 38.75 32.75 32.25 27.25 38.75 49.75 37.75 46.25 26.25 34.75 27.25 28.75 48.75 38.75 29.75 38.75 44.75 21.25 16.25 33.75 49.75 36.25 23.75 48.75 39.75 39.75 39.75 37.75 38.75 48.75 48.0 47.75 39.75 39.75 48.75 37.25 47.75 20.75 37.25 40.25 32.25 23.75 46.25 48.75 49.75 43.75 36.25 39.75 36.25 49.75 54.25 38.25 48.75 34.75 36.25 16.25 49.75 48.75 32.25 39.75 33.75 43.75 20.75 
27.5 45.25 53.75 42.25 24.75 63.5 35.25 32.25 29.75 43.75 53.75 43.5 48.75 31.25 31.25 18.75 23.75 62.0 36.25 33.75 33.75 43.75 23.75 11.25 32.75 44.75 36.25 27.25 53.75 52.0 42.25 63.8 37.75 38.75 53.75 44.75 50.25 31.25 36.25 53.75 42.25 43.75 22.25 33.75 37.75 31.25 19.75 39.75 51.25 55.75 45.25 37.75 41.25 38.75 54.75 41.25 39.75 51.25 36.25 25.25 16.25 44.75 48.75 23.75 34.75 34.75 43.75 22.25 
25.0 43.75 64.75 57.25 24.75 41.25 56.25 32.25 29.75 44.75 53.75 33.75 59.75 27.25 36.25 26.25 28.75 53.75 42.25 36.25 34.75 48.75 36.25 14.75 50.25 57.25 34.75 28.75 54.75 41.25 52.25 36.25 36.25 44.75 63.75 48.25 58.75 28.75 36.25 53.75 42.25 42.75 29.75 49.75 46.75 53.75 28.75 44.75 54.75 52.25 53.75 41.25 56.25 34.75 53.75 41.25 41.4 64.75 42.25 32.75 17.25 42.25 47.25 36.25 34.75 32.25 52.25 27.25 
25.0 38.75 35.25 39.75 26.25 38.75 37.75 21.25 26.25 37.75 38.75 37.75 38.75 20.25 26.25 33.85 25.25 35.25 40.4 31.25 38.75 33.75 26.25 22.75 31.25 36.25 26.25 26.25 40.4 40.0 31.25 38.75 44.0 37.75 38.75 38.75 63.65 32.25 55.6 38.75 30.35 36.25 27.25 38.75 38.75 38.75 26.25 39.75 45.35 37.25 45.0 25.25 38.75 25.25 39.75 38.75 27.25 37.75 45.0 38.75 23.75 36.25 51.6 38.75 38.75 28.75 38.75 27.25 
32.5 56.25 54.75 42.25 37.25 53.75 33.75 32.25 40.75 66.25 54.75 46.25 37.25 41.25 23.75 43.0 22.25 54.75 52.25 33.75 42.25 44.75 22.25 21.25 23.75 55.75 42.25 28.75 48.75 54.75 55.75 52.25 51.25 46.25 42.25 47.25 47.0 54.75 43.75 54.75 50.5 53.75 22.25 36.25 32.75 33.75 23.75 36.25 63.0 54.75 37.75 28.75 41.25 42.25 53.75 39.75 37.25 39.75 33.75 41.25 22.25 55.75 63.0 46.25 54.75 43.75 33.75 22.25 
14.0 21.25 45.25 25.25 18.75 23.75 26.0 21.25 23.75 26.25 31.25 17.25 31.25 22.25 35.0 15.25 19.75 31.0 18.75 35.5 33.0 21.25 25.0 11.25 17.5 20.0 23.75 22.75 31.25 23.75 22.5 18.75 19.75 22.25 38.75 23.75 32.25 11.5 17.75 31.25 30.0 20.0 21.5 28.75 31.25 16.5 16.5 20.25 31.25 26.5 40.0 32.25 24.25 24.75 30.25 23.75 22.75 39.75 22.5 15.0 13.75 20.0 23.75 11.5 16.25 13.75 32.5 20.25 
46.5 54.75 43.75 31.25 26.5 45.75 29.75 25.25 28.75 67.75 46.25 43.5 31.0 40.25 16.25 28.5 21.25 41.5 56.0 37.75 43.5 42.5 16.25 25.25 24.75 43.75 32.25 35.5 38.75 53.75 51.25 42.25 43.5 40.25 32.5 42.5 31.0 54.75 40.0 43.75 30.25 42.5 16.25 41.0 28.75 28.75 25.25 40.0 52.25 42.75 34.75 19.75 40.25 37.25 42.75 41.0 31.25 31.0 39.75 46.75 27.25 43.75 43.5 48.75 51.5 47.75 28.75 16.25 
25.25 34.0 48.25 35.0 32.25 34.0 32.5 19.75 31.25 29.0 34.0 37.5 35.0 23.75 31.25 23.75 28.75 25.0 37.5 44.25 51.75 26.5 27.25 21.25 20.0 32.5 28.75 31.25 28.5 29.0 17.5 36.5 37.5 37.5 38.5 37.5 32.5 25.0 38.5 36.0 27.25 26.0 23.75 36.5 35.0 31.5 31.25 38.5 35.0 33.5 35.0 29.25 36.5 27.75 35.0 36.5 28.75 36.5 34.0 30.0 23.75 27.5 37.5 29.0 28.5 20.0 36.0 28.75 
30.0 42.75 53.75 39.75 39.75 52.75 30.25 32.25 42.25 46.25 51.25 47.75 36.25 38.75 26.25 36.25 23.75 43.75 41.25 33.75 43.75 33.75 18.75 27.85 22.75 54.75 41.25 34.75 38.75 51.25 39.75 53.75 52.75 48.75 43.75 49.75 32.75 48.75 46.25 51.25 39.75 53.75 17.25 41.25 35.25 33.75 27.25 42.25 38.75 81.65 37.75 27.75 43.75 41.25 52.25 41.25 38.9 41.25 36.25 42.75 21.25 52.25 53.75 33.75 54.75 42.25 55.35 24.75 
45.75 53.75 44.75 42.25 27.25 43.75 33.75 22.25 29.75 67.25 43.75 38.75 37.25 42.25 23.75 18.75 18.75 43.75 62.25 43.75 44.75 43.75 21.25 14.75 22.75 48.0 32.25 23.75 44.75 53.75 52.25 41.25 41.25 42.25 41.25 43.25 38.75 43.75 38.75 43.75 32.25 32.75 22.25 37.25 31.75 33.75 33.75 32.25 54.75 44.75 33.75 28.75 51.25 32.25 43.75 48.75 32.25 39.75 34.75 25.25 22.25 37.25 44.75 48.75 44.75 44.75 34.75 22.25 
32.5 45.25 58.75 39.75 25.75 47.75 33.75 38.25 32.25 48.75 58.75 38.75 46.25 37.25 29.75 21.25 24.75 59.75 31.25 34.75 31.25 41.25 22.25 12.25 33.75 49.75 41.25 28.75 57.25 48.75 49.75 38.75 41.25 42.25 52.25 47.25 46.25 38.75 37.25 59.75 48.25 48.75 22.25 31.25 37.75 31.25 16.25 36.25 48.75 59.75 43.75 35.25 38.75 43.75 58.75 36.25 44.75 46.25 33.75 28.75 16.25 49.75 51.25 23.75 40.75 38.75 42.25 22.25 
32.5 38.75 39.75 39.75 27.25 38.75 36.25 17.25 28.25 48.75 39.75 38.75 38.5 36.25 25.0 28.9 23.5 37.25 49.75 43.75 49.75 29.75 24.75 21.25 23.75 40.75 27.25 25.0 31.25 51.0 44.5 39.75 40.0 38.75 39.75 39.75 42.9 48.5 41.25 39.75 28.9 38.75 23.5 37.5 34.0 35.0 35.0 37.5 41.4 39.75 36.5 26.25 48.75 27.25 38.75 49.75 27.25 39.75 37.5 37.5 22.25 40.75 42.65 45.0 49.75 38.75 36.25 23.5 
42.0 50.0 48.75 34.75 28.75 47.75 26.75 31.25 31.25 72.25 49.75 38.0 30.25 43.75 16.25 21.25 14.0 48.75 52.75 39.75 41.5 44.75 15.25 11.5 22.75 46.25 35.25 24.75 40.25 57.25 53.75 43.75 44.25 38.75 35.25 41.25 29.25 50.0 36.25 47.75 36.25 41.75 17.25 31.25 27.75 29.75 26.25 27.75 45.25 48.75 32.75 21.25 44.75 35.25 49.75 41.25 32.25 30.25 28.75 27.75 15.25 42.5 45.25 48.5 53.75 51.25 27.75 17.25 
26.5 43.75 83.0 56.25 42.25 53.75 52.25 32.25 42.25 52.75 53.75 44.75 42.25 46.25 28.75 34.75 24.75 54.75 44.75 50.5 66.5 33.75 28.25 26.25 37.25 67.25 42.25 27.75 44.75 53.75 67.25 53.75 54.75 43.75 58.25 43.75 44.75 54.75 44.75 55.75 47.25 52.25 23.75 52.75 36.25 47.75 27.75 41.25 44.75 53.75 48.75 30.25 55.25 41.25 52.75 43.75 36.25 56.25 37.75 39.75 27.25 54.75 54.75 35.25 52.25 42.75 39.75 23.75 
19.9 39.65 26.15 24.65 9.65 28.15 18.15 14.65 12.15 37.65 27.15 25.65 19.65 13.65 8.15 13.15 5.65 27.15 34.65 17.15 24.65 37.15 5.65 3.65 19.15 27.15 14.65 5.15 27.15 27.15 27.15 25.65 25.65 23.65 25.65 27.0 23.15 28.15 23.15 28.15 14.65 28.15 4.65 19.65 18.15 17.15 6.15 18.65 37.15 26.15 18.15 12.15 23.65 14.65 26.15 24.8 14.65 22.15 17.15 21.65 4.65 27.15 27.15 29.65 27.15 25.15 17.15 4.65 
36.9 33.65 47.15 33.8 27.15 45.15 25.15 26.3 29.65 58.15 48.8 35.15 28.65 44.65 13.65 13.65 11.15 47.15 38.65 37.15 48.65 24.65 13.65 6.15 15.15 42.15 33.65 24.15 48.65 57.15 57.15 41.15 44.3 37.15 33.65 39.65 27.65 48.65 33.65 58.65 34.65 36.15 14.65 28.65 26.15 27.15 25.65 37.15 31.15 48.15 30.15 18.65 42.15 33.65 48.15 38.65 29.65 30.3 26.15 20.15 13.65 39.65 43.65 29.65 47.15 49.8 26.15 14.65 
21.5 28.75 41.25 41.25 30.65 28.75 39.75 17.25 30.65 41.15 28.75 29.75 28.5 16.25 15.0 17.25 13.5 29.75 29.75 23.75 29.75 28.75 15.75 11.25 37.25 42.25 17.25 14.0 29.75 28.75 54.4 28.75 29.75 28.75 43.25 28.75 29.75 28.5 29.75 30.75 17.25 29.75 12.5 39.0 25.0 36.5 15.65 27.5 29.75 28.75 26.25 15.25 53.65 16.25 27.75 28.75 16.25 41.25 25.25 28.5 12.25 29.75 29.75 24.0 29.75 27.75 27.25 12.5 
38.5 43.75 43.75 45.75 29.75 43.75 35.25 22.25 32.25 53.75 57.25 42.75 41.25 41.25 27.25 29.75 23.75 43.75 51.25 44.75 53.75 34.75 23.75 21.25 23.75 44.75 31.25 28.75 43.75 54.75 54.75 44.75 42.75 43.75 43.75 44.75 40.25 54.75 42.25 43.75 32.25 40.25 23.25 42.25 35.25 34.75 36.25 41.25 43.75 44.75 36.25 31.25 54.75 31.25 44.75 52.25 33.25 41.25 37.25 36.25 21.25 61.5 43.75 44.75 52.25 43.75 36.25 25.75 
39.75 38.75 38.75 37.5 26.0 38.75 36.0 17.25 26.0 47.75 38.75 56.0 37.25 36.25 22.5 23.5 22.25 39.75 48.5 43.75 49.75 28.75 24.5 21.25 24.75 48.0 27.25 22.75 39.75 48.75 48.5 37.5 39.75 37.5 40.75 38.75 38.5 54.75 48.5 40.75 27.25 37.25 21.25 35.25 33.75 32.75 31.5 36.25 38.5 38.75 35.0 24.0 46.5 26.25 37.75 47.5 26.25 37.5 34.0 43.5 22.25 39.75 39.75 42.75 47.25 37.75 36.0 21.25 
25.65 10.65 15.65 9.4 13.4 14.65 4.9 14.65 26.9 24.65 16.65 13.65 7.15 29.65 5.9 20.65 4.65 15.65 20.05 15.65 19.65 11.65 5.9 3.65 4.65 15.65 14.65 12.15 15.3 25.4 24.4 14.4 13.65 13.4 9.65 14.65 7.4 24.4 15.05 14.65 14.65 13.65 5.65 7.15 4.65 4.65 14.9 6.15 8.4 14.65 4.9 9.4 18.4 27.15 15.65 19.4 15.65 8.4 5.9 10.9 4.65 15.65 14.65 14.65 24.65 23.4 4.9 5.65 
36.25 30.25 36.25 32.25 38.25 35.25 26.25 28.25 49.75 51.25 36.25 31.25 28.75 53.5 29.75 43.25 29.75 37.25 46.25 32.25 41.25 26.25 27.25 22.25 11.25 37.25 36.25 28.75 32.25 46.25 47.25 36.25 36.25 32.25 32.25 32.25 48.0 46.25 32.25 37.25 46.5 33.75 24.75 28.75 22.75 23.75 38.75 28.75 39.5 37.25 36.25 30.25 41.25 53.75 36.25 41.25 32.25 31.25 26.25 26.25 21.25 37.25 44.5 33.75 45.75 36.25 27.25 24.75 
36.25 30.25 36.25 32.25 38.25 36.9 28.75 28.25 37.25 46.25 36.25 37.9 31.25 47.25 29.75 28.75 27.25 38.9 41.25 32.25 36.25 21.25 29.75 17.25 13.75 34.75 36.25 36.25 37.25 47.9 47.25 39.6 36.25 37.25 32.25 37.25 31.25 41.25 37.25 37.25 38.25 28.75 24.75 31.25 25.25 23.75 38.75 28.75 31.25 37.25 28.75 30.25 41.25 36.25 36.25 41.25 37.25 31.25 28.75 26.25 21.25 34.75 36.25 28.75 40.75 36.25 29.75 27.25 
36.0 38.75 38.75 40.75 27.25 38.75 37.75 22.25 27.25 47.5 39.75 37.75 38.75 33.75 27.25 26.0 26.25 35.0 48.75 44.75 55.0 34.75 26.25 23.75 33.75 39.75 26.25 26.25 40.0 47.25 41.0 39.75 37.75 38.75 38.75 39.75 36.5 44.75 39.75 45.0 27.25 36.5 28.25 39.75 37.75 39.75 36.25 45.0 38.75 39.75 38.75 26.25 49.75 26.25 39.75 49.75 28.25 38.75 39.75 39.15 23.75 37.25 38.75 49.75 48.5 41.25 38.75 28.25 
31.25 30.25 36.25 32.25 38.25 35.25 48.0 28.25 49.75 41.25 36.25 36.25 39.5 48.5 32.25 42.5 40.5 37.25 36.25 29.75 36.25 21.25 32.25 27.25 18.75 37.25 36.25 36.25 37.25 41.25 42.25 36.25 36.25 37.25 32.25 37.25 31.25 41.25 37.25 37.25 38.25 36.25 29.75 31.25 30.25 28.75 36.25 31.25 31.25 37.25 31.25 30.25 36.25 48.75 36.25 36.25 37.25 31.25 39.5 36.25 26.25 37.25 36.25 33.75 43.25 31.25 32.25 32.25 
32.5 37.25 40.75 36.25 22.5 38.75 33.75 16.25 24.75 49.75 39.75 35.0 36.0 37.25 20.25 13.75 18.75 39.75 46.0 43.75 41.0 28.5 21.25 13.75 22.75 34.75 27.25 22.5 37.5 49.75 48.5 36.25 37.5 37.25 37.5 38.5 35.0 40.0 34.0 38.75 26.25 27.75 21.25 35.0 32.75 32.75 30.25 30.0 37.25 38.75 32.75 24.75 45.25 27.25 68.0 45.0 26.25 36.0 33.75 22.75 22.25 32.25 38.5 35.25 68.0 39.75 33.75 21.25 
28.4 36.15 49.65 50.65 24.15 36.15 42.15 16.65 25.65 47.15 37.15 37.15 39.65 33.15 20.65 29.65 18.15 38.15 49.65 43.15 47.15 32.15 23.15 15.65 31.3 50.65 24.65 22.15 38.15 44.65 55.65 37.15 37.15 43.15 50.65 43.15 39.65 42.15 35.65 38.15 26.65 37.15 15.65 47.15 33.65 44.65 34.65 34.65 37.15 38.15 29.65 25.3 59.65 24.65 37.15 44.65 30.65 47.15 29.65 32.15 14.65 35.65 37.15 42.15 49.15 34.65 35.65 18.15 
31.5 43.75 57.25 55.25 31.25 42.75 56.25 21.25 31.25 48.75 43.75 43.75 43.75 37.25 30.25 27.75 28.75 44.75 48.75 38.75 48.75 33.75 31.25 24.75 40.25 56.25 31.25 30.25 43.75 48.75 58.75 42.75 43.75 44.75 56.25 43.75 43.75 45.25 42.75 43.75 31.25 40.25 27.75 55.25 40.25 51.75 34.25 42.75 43.75 42.75 42.75 31.25 60.25 31.25 42.75 47.75 30.25 56.25 42.75 40.25 23.75 43.75 43.75 44.25 46.25 38.75 43.75 27.75 
42.5 43.75 62.25 54.75 32.25 48.75 46.25 27.25 35.75 58.75 49.75 46.25 37.25 46.25 23.75 32.25 22.25 49.75 49.75 43.75 52.25 32.25 22.25 21.25 36.25 63.25 37.25 28.75 48.75 59.75 73.25 47.25 46.25 46.25 54.75 47.25 38.75 59.75 43.75 49.75 37.25 46.25 22.25 48.75 32.75 46.25 33.75 36.25 42.25 49.75 32.75 28.75 63.75 37.25 48.75 49.75 38.9 52.25 33.75 38.75 22.25 50.75 49.75 43.75 57.25 48.75 33.75 22.25 
22.25 36.25 36.25 28.25 43.1 26.25 25.25 44.75 30.6 29.6 37.25 25.25 36.25 23.75 49.75 27.25 42.5 36.25 26.25 24.75 26.25 32.25 32.5 32.5 31.25 37.25 42.5 32.5 36.25 24.75 28.1 27.25 25.25 26.25 36.25 27.25 35.25 24.75 27.25 36.25 43.5 35.25 34.5 27.25 35.25 27.25 38.75 36.25 36.25 37.25 36.25 42.5 30.6 36.25 37.25 27.25 44.5 36.25 27.25 26.25 32.5 37.25 36.25 27.25 27.25 18.75 36.25 34.5 
41.85 53.75 53.75 42.25 37.25 52.75 32.75 32.25 38.75 71.25 54.75 42.75 35.25 57.25 24.75 33.75 18.75 54.75 55.25 40.75 47.75 44.75 21.25 23.75 23.75 50.4 40.25 28.75 48.75 59.75 58.75 51.25 50.25 47.25 41.25 46.25 37.75 51.25 44.75 53.75 52.25 42.75 22.25 36.25 33.75 33.75 27.75 30.25 52.75 53.75 38.75 28.75 46.25 40.25 54.75 43.75 47.25 37.75 33.75 31.25 30.25 46.25 52.75 43.75 49.75 48.75 33.75 22.25 
32.5 35.15 34.75 33.75 20.25 34.75 31.25 15.25 21.25 43.75 34.75 32.5 32.5 31.25 21.65 16.25 16.25 32.5 43.75 38.75 40.0 29.75 17.75 11.5 23.75 31.25 22.9 19.0 29.0 44.75 41.25 34.75 33.75 33.75 32.75 33.75 33.75 40.0 32.75 32.75 20.25 29.4 17.5 33.5 40.0 30.0 29.0 29.0 33.75 32.75 31.25 23.25 42.75 23.9 33.75 44.75 21.25 34.75 32.25 27.5 16.25 30.0 33.75 36.25 37.75 38.75 30.25 17.5 
33.5 43.75 51.25 43.25 49.75 61.25 35.25 32.25 47.25 43.75 47.25 57.75 28.75 38.75 24.75 42.25 21.25 43.75 41.25 32.25 43.75 34.75 23.75 31.25 23.75 54.75 41.25 38.75 38.75 54.75 42.25 62.25 67.75 56.25 41.25 57.25 40.25 52.25 67.25 46.25 34.75 50.25 23.25 49.75 32.75 44.75 23.75 38.75 31.25 52.25 38.75 21.25 37.25 41.25 47.25 39.75 38.25 38.75 49.75 48.75 31.25 54.75 58.75 34.75 52.25 43.75 36.25 30.75 
20.0 45.0 43.5 40.15 32.25 35.0 37.5 31.4 32.25 36.0 46.65 37.5 48.5 24.75 41.25 31.25 41.25 40.0 38.5 30.0 38.5 37.5 31.25 27.25 34.0 43.5 39.75 31.25 41.0 30.0 23.5 37.5 39.15 38.5 47.5 39.5 47.5 27.5 37.5 45.0 37.25 41.5 29.75 38.5 45.5 35.0 31.25 48.5 48.5 43.5 47.5 41.25 37.5 39.75 45.0 37.5 39.75 50.15 38.5 36.5 27.25 41.0 48.5 35.0 36.0 22.65 48.5 32.25 
40.0 43.75 54.75 39.75 42.25 53.75 33.75 32.25 43.25 56.25 52.25 48.75 37.25 48.75 28.75 29.75 24.75 44.75 54.75 43.75 56.0 34.75 22.25 16.25 23.75 53.25 42.25 33.75 45.0 62.25 50.75 54.75 53.75 48.75 44.75 49.75 36.25 54.75 48.75 58.5 39.75 46.25 19.75 41.25 35.25 36.25 38.75 45.0 39.75 54.75 40.25 28.75 53.75 42.25 51.25 54.75 45.5 44.75 38.75 38.75 22.25 50.75 54.75 41.25 57.25 51.25 38.75 24.75 
22.5 39.75 40.75 38.75 26.25 38.75 37.5 16.25 27.25 39.75 39.75 38.75 39.75 27.25 25.25 26.25 25.0 39.75 39.75 33.75 39.75 29.75 25.0 22.5 24.0 39.75 27.25 26.25 38.75 39.75 39.75 38.75 38.75 39.75 40.4 39.75 38.75 38.75 37.75 38.75 26.25 37.75 23.75 38.75 36.5 35.25 25.25 38.75 39.75 38.75 36.5 27.25 37.75 27.25 38.75 38.75 26.25 39.75 37.5 37.75 23.5 39.75 39.75 35.25 38.75 29.75 37.5 26.65 
42.5 54.5 48.75 37.25 29.75 45.25 32.75 24.75 29.75 58.75 46.25 40.25 33.75 46.25 29.5 18.75 18.75 48.75 46.25 43.75 53.75 28.75 21.25 13.75 22.75 44.75 42.0 27.25 58.75 58.75 57.25 41.25 42.75 41.25 38.75 44.75 35.25 48.75 41.25 61.25 37.25 47.0 22.25 33.75 32.75 33.75 32.25 42.25 36.25 50.75 32.75 22.75 46.25 42.0 49.75 46.25 37.25 36.25 33.75 27.75 21.25 42.25 46.25 36.25 49.75 49.75 33.75 22.25 
27.5 42.75 52.75 41.25 39.75 52.75 36.25 32.25 38.75 53.75 52.75 43.75 38.75 41.25 23.75 26.25 21.25 53.75 41.25 33.75 43.75 32.75 24.75 21.25 25.4 53.75 41.25 26.25 44.75 52.75 53.75 50.25 53.75 41.25 44.75 43.75 41.25 53.75 42.25 54.75 42.25 51.25 21.25 37.75 32.75 33.75 23.75 38.75 41.25 53.75 46.25 28.4 41.25 40.25 52.75 40.25 31.25 40.25 35.25 33.75 21.25 53.75 53.75 33.75 52.25 42.75 37.25 21.25 
41.25 50.75 53.5 43.5 42.25 52.5 40.0 32.25 42.25 61.0 52.5 47.5 43.5 49.75 37.0 28.75 26.25 45.0 53.5 42.5 53.5 32.5 28.75 17.25 24.0 51.0 50.5 36.25 43.5 60.0 51.0 52.5 52.5 48.5 42.5 49.5 40.0 52.5 47.5 57.5 42.25 52.25 24.75 43.5 35.5 35.0 38.75 46.0 43.5 53.5 45.0 31.25 52.5 50.5 52.5 52.5 37.25 43.5 41.0 36.5 22.25 48.5 53.5 40.0 56.0 51.0 41.0 27.25 
25.9 47.15 33.15 33.55 19.4 32.15 33.4 12.3 20.4 54.65 34.8 29.65 30.65 29.65 15.9 9.4 13.15 33.15 54.4 42.15 40.65 40.65 21.9 12.15 17.15 29.15 20.65 17.15 32.15 43.15 44.15 31.9 33.8 30.9 33.15 33.15 30.9 35.65 30.9 33.15 20.65 22.15 20.65 29.65 26.15 27.15 25.9 29.65 44.4 33.15 27.4 23.4 40.9 20.65 32.15 41.9 20.65 33.55 28.4 18.4 20.65 26.65 33.15 42.15 33.15 33.8 28.4 15.65 
37.5 57.15 44.75 44.75 32.25 43.75 43.75 22.25 32.25 52.25 43.75 43.75 44.75 42.25 37.85 23.75 31.25 36.25 54.75 48.75 62.25 33.75 31.25 24.75 32.75 42.25 38.85 31.25 47.25 53.75 47.25 43.75 43.75 44.75 43.75 45.75 41.25 48.75 43.75 56.25 32.25 41.85 32.25 44.75 46.75 43.75 41.25 54.75 44.75 44.75 43.75 31.25 53.75 38.85 43.75 53.75 32.25 44.75 44.75 36.9 29.75 42.25 44.75 48.75 47.25 44.75 44.75 32.25 
22.5 37.5 52.25 58.5 32.25 47.5 56.25 16.0 34.5 37.5 38.5 45.0 34.75 26.25 21.25 33.5 22.25 37.25 34.75 33.75 36.0 26.0 32.25 31.25 36.25 53.25 26.0 31.25 28.75 39.75 48.25 46.0 45.0 45.0 48.5 46.0 33.75 39.75 43.75 38.5 27.25 38.75 32.25 56.25 32.75 56.25 22.9 33.75 36.0 39.75 32.75 22.5 47.5 26.0 37.5 34.75 26.0 47.25 43.75 50.35 32.25 40.75 37.25 33.75 38.5 28.75 33.75 32.25 
37.5 47.5 63.75 39.75 41.25 54.75 36.25 46.25 41.25 53.75 76.25 47.5 48.75 43.75 34.75 36.25 30.0 62.75 38.75 28.75 40.0 43.75 22.75 17.5 36.25 61.25 51.25 35.25 58.75 51.25 51.25 54.75 53.75 48.75 47.75 49.75 48.75 47.5 48.75 62.75 56.25 57.75 19.75 49.0 42.75 32.25 23.75 46.25 48.75 63.75 52.25 37.25 38.75 52.25 63.75 39.75 52.25 49.75 38.25 41.25 21.25 60.0 63.75 28.5 48.75 46.25 46.25 22.25 
23.65 14.65 13.65 12.15 18.4 15.65 8.15 20.9 12.15 22.65 14.65 15.65 9.65 23.65 14.4 16.5 11.9 14.65 22.15 14.65 24.65 14.65 14.4 9.9 6.65 14.65 20.9 13.9 14.65 24.65 24.65 13.15 15.65 11.15 15.65 13.65 14.8 25.65 13.15 15.65 24.25 15.65 10.9 9.65 5.65 4.65 22.4 8.65 13.8 13.65 8.15 18.4 21.15 14.65 13.65 23.15 20.9 12.15 7.15 9.15 10.9 14.65 16.3 14.65 24.65 22.65 7.15 10.9 
