Each line indicates a unacceptable pairs. The first element is the index of women (from 0 to 68). The second one is the index of men (from 0 to 68)
2 63
5 0
36 0
8 1
61 3
13 12
10 31
46 14
67 14
52 27
36 30
36 24
38 36
10 33
1 39
9 39
5 67
7 67
21 2
36 2
50 2
67 2
21 7
36 7
50 7
67 7
21 8
36 8
50 8
67 8
21 11
36 11
50 11
67 11
2 12
8 12
10 12
12 12
15 12
16 12
18 12
24 12
28 12
29 12
30 12
33 12
34 12
35 12
38 12
42 12
43 12
45 12
46 12
47 12
48 12
57 12
58 12
59 12
60 12
62 12
21 15
36 15
50 15
67 15
21 18
36 18
50 18
67 18
21 21
36 21
50 21
67 21
2 24
8 24
10 24
12 24
15 24
16 24
18 24
24 24
28 24
29 24
30 24
33 24
34 24
35 24
38 24
42 24
43 24
45 24
46 24
47 24
48 24
57 24
58 24
59 24
60 24
62 24
21 28
36 28
50 28
67 28
21 32
36 32
50 32
67 32
2 35
8 35
10 35
12 35
15 35
16 35
18 35
24 35
28 35
29 35
30 35
33 35
34 35
35 35
38 35
42 35
43 35
45 35
46 35
47 35
48 35
57 35
58 35
59 35
60 35
62 35
21 38
36 38
50 38
67 38
21 43
36 43
50 43
67 43
21 45
36 45
50 45
67 45
21 47
36 47
50 47
67 47
21 50
36 50
50 50
67 50
21 53
36 53
50 53
67 53
21 56
36 56
50 56
67 56
21 57
36 57
50 57
67 57
21 62
36 62
50 62
67 62
21 64
36 64
50 64
67 64
21 66
36 66
50 66
67 66
2 30
8 30
10 30
12 30
15 30
16 30
18 30
24 30
28 30
29 30
30 30
33 30
34 30
35 30
38 30
42 30
43 30
45 30
46 30
47 30
48 30
57 30
58 30
59 30
60 30
62 30
