These scores is about men for every women, The second line is the score for frist women ans so on. Frist element in frist women line means the frist men's score to this frist women.
30.25 36.25 24.0 57.5 38.5 52.5 52.5 41.0 25.0 35.0 43.75 45.0 62.5 38.5 13.75 40.0 31.25 36.5 42.5 62.5 28.75 52.5 46.25 42.5 40.0 48.5 42.5 27.5 25.0 57.5 25.25 41.5 40.25 40.0 50.75 52.5 35.0 44.5 31.5 36.5 43.5 39.0 38.5 49.75 42.25 31.25 23.75 23.5 36.25 31.25 40.0 51.5 42.5 17.25 53.45 42.5 41.0 22.5 40.0 47.5 42.5 30.0 36.25 52.5 22.5 37.5 35.0 22.75 
26.25 32.9 45.4 27.75 21.25 32.75 32.75 32.75 54.25 33.75 21.25 32.75 33.75 46.25 30.25 46.25 32.9 33.75 44.4 45.25 20.25 44.75 20.25 43.75 42.75 43.75 32.75 43.75 43.75 46.25 21.25 42.25 36.5 42.75 46.25 32.75 33.75 56.25 43.75 41.25 42.75 43.75 43.75 33.75 17.25 20.25 20.25 43.75 30.25 43.5 32.75 33.75 43.75 31.25 46.25 46.4 33.75 27.5 33.75 44.75 46.1 42.75 29.15 56.25 33.75 33.75 43.75 16.25 
25.25 37.25 38.5 27.5 16.25 33.75 36.25 51.25 45.25 39.75 26.0 30.0 38.5 38.75 21.25 38.5 37.25 51.0 48.75 38.75 26.25 43.25 26.25 62.25 48.75 48.75 38.75 61.0 44.0 39.75 29.35 38.75 41.1 46.25 39.75 38.75 38.5 48.75 62.1 27.75 46.25 61.25 48.75 38.75 17.25 25.0 22.5 36.25 36.25 50.75 51.25 52.25 72.25 31.25 38.75 49.75 28.75 26.0 33.5 43.25 48.75 46.5 26.0 49.75 29.75 52.25 45.0 14.0 
18.75 24.75 38.75 27.25 21.25 29.75 29.75 59.75 45.0 49.75 33.5 34.75 28.5 62.75 27.25 54.25 23.5 47.5 33.5 33.5 37.25 31.25 37.3 56.75 37.25 38.25 49.75 52.25 38.5 32.25 35.25 28.75 28.75 34.75 42.25 34.75 46.0 39.75 56.25 41.25 39.5 50.0 40.75 36.25 19.75 47.25 37.25 33.25 24.75 50.0 52.25 46.5 46.0 33.25 49.75 35.0 43.25 56.75 44.75 33.75 37.25 38.75 38.5 44.25 42.25 56.0 39.75 31.25 
25.0 37.25 21.25 30.75 34.75 37.25 40.75 37.25 32.25 32.25 37.25 37.25 39.75 29.75 25.75 37.25 31.0 41.25 35.75 43.25 32.25 26.25 43.25 37.25 38.25 29.75 37.25 32.25 31.25 37.25 31.25 15.25 32.25 34.75 39.75 43.25 32.25 36.25 29.75 23.75 31.25 37.25 32.25 39.75 33.75 33.25 33.25 22.25 35.75 21.25 43.25 43.75 34.75 51.5 37.25 32.75 24.75 29.75 32.25 23.75 34.75 32.25 24.75 34.75 24.75 29.75 36.25 22.5 
29.4 34.65 28.15 18.65 14.65 24.9 24.9 26.15 26.15 17.15 24.65 16.15 24.65 15.9 23.65 27.15 23.4 19.8 36.15 24.9 13.65 37.15 22.4 37.15 36.15 27.15 30.3 27.15 27.15 15.9 14.65 25.4 24.9 36.15 15.9 24.9 17.15 36.15 27.15 23.15 35.15 37.15 27.15 17.15 18.4 13.65 15.3 27.15 32.4 25.9 16.15 26.15 37.15 24.65 26.15 38.15 27.15 15.9 27.15 27.15 36.15 26.15 15.9 35.9 17.15 15.9 38.15 10.65 
21.4 30.0 37.25 25.0 39.75 34.0 35.0 50.25 43.75 48.75 26.25 47.75 35.0 35.25 23.75 38.75 28.75 62.25 42.5 35.0 35.25 40.0 22.5 55.0 43.75 41.5 36.5 76.25 52.75 35.0 27.25 31.0 47.5 42.75 36.25 35.0 38.75 40.5 66.0 28.5 40.5 57.25 41.5 38.5 12.75 36.25 36.25 50.25 32.1 42.5 61.25 50.0 55.0 43.65 36.5 42.5 29.0 42.5 38.75 40.0 41.5 43.75 50.0 41.25 48.75 48.75 43.75 17.25 
27.5 29.75 21.25 33.25 44.75 32.25 35.75 29.75 27.25 32.25 24.75 29.75 37.25 33.0 37.0 33.0 36.0 36.25 25.75 40.75 32.25 21.25 60.0 35.5 30.75 32.25 32.25 32.25 28.75 39.75 31.25 20.25 22.25 24.75 42.25 43.25 27.25 31.25 22.25 21.25 32.0 32.25 32.25 42.25 31.25 33.25 30.75 12.25 33.25 23.75 43.25 41.25 24.75 39.75 32.25 27.75 22.25 25.5 22.25 21.25 32.25 32.25 22.25 38.0 12.25 27.25 28.75 27.5 
15.0 40.75 19.75 13.5 19.75 24.75 24.75 37.25 26.25 37.25 38.25 27.25 23.5 36.0 19.75 37.25 26.0 27.25 26.0 24.75 43.5 23.5 47.25 27.25 27.25 26.0 37.25 27.25 26.25 25.75 36.25 13.75 26.25 37.25 26.0 24.75 38.25 26.25 27.25 25.0 25.0 27.25 27.25 26.0 28.5 49.75 37.25 23.5 48.5 26.0 27.25 25.0 27.0 44.0 36.25 25.0 28.5 37.25 38.25 24.75 36.0 36.25 34.75 27.0 36.0 37.0 26.25 26.25 
20.15 29.65 27.15 42.15 13.65 37.15 38.4 53.15 34.65 48.15 49.65 37.15 48.15 47.15 9.65 55.65 23.15 32.15 42.15 52.15 34.65 49.4 27.15 43.15 42.15 47.15 52.15 33.15 28.65 47.15 34.65 38.65 32.4 40.9 33.15 39.65 47.15 45.65 29.9 47.65 41.9 41.15 37.15 31.15 22.15 39.65 32.15 18.4 27.15 31.9 32.15 42.15 42.15 18.0 54.65 42.15 47.15 28.15 49.65 44.4 42.15 32.15 33.15 52.15 30.65 44.65 39.65 27.65 
26.25 32.25 38.75 40.9 16.25 31.25 32.5 33.75 42.75 33.75 22.25 31.25 32.5 36.4 25.0 35.4 31.25 33.75 43.75 33.75 21.25 41.0 22.9 45.4 43.75 44.75 33.75 43.75 43.75 34.75 21.25 51.25 36.5 42.5 33.75 33.75 34.75 44.75 42.5 28.75 44.15 43.75 57.25 33.75 18.25 21.25 21.25 37.25 31.25 44.75 33.75 33.75 44.75 31.0 34.75 44.75 29.75 25.4 32.25 41.0 43.75 42.75 23.75 46.4 27.5 34.75 62.85 26.25 
31.0 41.25 37.25 35.0 19.75 45.25 46.25 47.75 43.75 38.75 36.25 37.75 45.0 36.5 23.75 48.75 30.0 48.0 52.5 46.25 20.25 50.0 33.75 53.75 53.75 41.5 53.5 38.75 42.75 36.25 24.75 32.25 37.5 52.75 35.0 43.75 38.75 51.75 44.75 38.5 50.5 54.75 42.75 42.25 24.0 26.25 34.5 37.75 40.0 32.5 38.75 47.5 52.5 30.25 45.25 52.5 39.0 31.25 48.75 41.25 51.5 43.75 30.0 52.5 36.25 37.5 53.75 17.25 
12.55 11.9 13.15 7.15 14.4 8.4 8.4 23.4 21.15 29.4 20.65 12.15 8.15 28.4 14.65 23.15 14.4 13.15 9.65 10.9 28.4 10.65 13.4 11.9 13.4 17.15 30.9 23.15 17.15 11.9 29.65 9.4 10.9 10.9 19.4 18.4 23.15 19.9 21.9 19.65 8.65 16.9 18.4 20.65 5.9 39.65 29.65 12.15 17.55 30.65 18.4 14.65 10.65 22.15 29.9 12.15 19.65 31.9 23.15 11.9 19.65 19.65 20.65 11.9 23.15 19.4 19.65 24.65 
20.25 37.5 18.75 27.25 26.25 28.75 34.75 31.25 28.75 32.25 28.75 23.75 37.25 28.75 14.75 29.75 32.25 33.75 29.75 37.25 43.75 22.25 43.5 32.25 32.25 31.25 31.25 29.75 25.25 36.25 29.75 20.25 23.75 28.75 37.25 37.25 31.25 31.25 26.25 20.25 28.75 31.25 31.25 36.25 32.5 36.0 27.25 11.25 38.5 32.25 37.25 37.25 28.75 37.15 32.25 31.25 21.25 19.75 23.75 22.25 31.25 31.25 24.75 31.25 14.75 31.25 26.25 20.25 
28.5 30.4 31.65 12.25 30.0 16.25 17.25 21.25 42.25 21.25 23.75 26.25 16.25 22.25 46.0 23.75 34.15 23.75 33.1 17.25 21.25 26.5 17.25 28.75 32.25 29.75 18.75 33.75 36.25 16.25 23.75 21.25 36.25 31.25 16.25 17.25 23.75 28.75 33.75 14.75 27.75 31.25 29.75 18.75 11.25 29.75 27.25 36.0 27.25 31.5 22.25 17.75 28.75 49.75 19.75 30.4 16.0 31.25 23.75 26.5 30.4 33.75 21.65 26.25 26.25 16.25 37.25 26.0 
29.75 43.5 32.5 13.75 28.5 29.5 21.25 31.25 53.5 31.25 27.25 26.25 18.75 34.75 32.5 26.25 38.75 26.25 33.75 21.25 38.75 32.5 27.5 36.25 44.5 34.75 26.25 36.25 42.25 30.5 30.25 27.25 36.25 36.25 23.75 26.25 35.5 41.25 52.25 24.75 37.75 37.25 37.25 24.75 31.0 50.75 31.25 36.0 40.0 43.75 26.25 22.75 34.75 37.25 31.25 33.75 26.0 36.25 27.25 35.0 33.75 36.25 30.0 34.75 26.25 29.75 41.25 39.0 
20.15 24.75 22.25 17.25 28.5 26.25 27.25 23.75 29.75 23.75 27.25 36.25 26.25 21.25 31.0 26.25 40.0 34.75 22.25 27.25 23.75 18.75 27.25 23.75 24.75 21.25 23.75 28.75 30.25 27.25 29.75 11.25 31.25 23.75 26.25 27.25 27.25 22.75 24.75 12.25 20.25 24.75 23.75 27.25 16.25 29.75 32.25 28.75 23.9 18.75 29.75 26.25 22.25 50.9 23.75 21.25 13.75 31.25 27.25 21.25 21.25 26.25 21.25 22.25 31.25 22.25 31.25 23.5 
26.25 37.25 38.75 28.5 17.25 30.0 33.5 38.75 46.25 38.75 24.75 31.25 35.0 36.25 26.0 36.25 36.25 44.5 47.25 38.5 26.25 39.75 26.0 46.25 49.75 48.75 47.0 48.75 47.75 38.5 27.25 36.5 40.0 43.75 38.75 38.5 37.25 48.75 42.25 28.75 43.75 49.75 48.75 39.75 17.25 27.25 35.5 35.0 37.25 49.75 39.75 39.75 47.25 35.0 39.75 48.75 28.75 25.0 32.25 39.75 48.75 48.75 22.5 49.75 27.5 37.25 47.75 16.25 
23.75 36.0 39.75 25.0 17.25 27.5 30.0 38.75 57.75 39.75 24.75 31.25 33.5 46.25 26.25 49.75 34.75 37.25 45.0 47.5 18.75 38.5 22.5 46.0 48.75 47.5 30.0 42.25 50.4 48.5 21.25 36.0 40.0 43.75 44.75 30.0 37.25 72.4 41.0 40.0 41.5 49.75 47.5 33.5 15.4 23.75 26.25 36.25 33.75 38.5 38.75 37.5 46.0 36.25 44.0 47.5 27.5 27.25 32.25 38.5 45.0 48.75 23.5 59.75 29.75 34.75 48.75 16.25 
11.25 16.25 30.25 29.75 21.25 33.75 34.75 28.75 33.75 28.75 18.75 41.25 33.75 29.75 27.25 31.25 16.25 35.25 29.75 34.75 16.25 28.75 22.25 28.75 29.75 29.75 28.75 31.25 36.25 33.75 35.5 26.5 46.75 28.75 33.75 34.75 31.25 29.75 45.5 23.75 28.75 28.75 29.75 33.75 17.25 19.75 24.75 39.75 17.25 23.75 34.75 33.75 28.75 27.25 30.75 28.75 29.75 32.5 31.25 28.75 28.75 31.25 22.5 28.75 38.75 28.75 36.25 13.75 
26.25 37.25 43.5 27.5 19.75 38.75 38.75 38.75 47.75 42.25 27.25 41.25 38.5 38.75 28.75 39.75 37.25 39.75 48.75 38.75 18.75 47.25 26.25 49.75 48.75 48.75 31.25 42.25 48.75 39.75 38.0 39.75 59.25 48.75 34.75 33.75 39.75 47.75 66.5 28.75 50.25 49.75 48.75 34.75 16.25 23.75 26.25 45.0 36.25 39.75 38.75 38.75 49.75 36.25 32.75 48.75 31.25 32.25 41.0 47.25 48.75 48.75 31.0 49.75 39.75 39.75 48.75 16.25 
18.4 25.65 32.15 29.65 24.65 22.15 23.4 27.15 47.4 32.15 24.4 43.4 33.4 38.15 19.65 38.4 23.4 30.9 35.9 48.4 19.65 43.15 13.4 35.9 37.15 48.15 27.15 52.15 47.15 49.4 14.65 40.9 48.65 34.65 38.4 25.9 26.9 50.65 43.4 34.65 34.65 37.15 38.15 27.15 10.4 34.65 19.65 35.65 23.4 38.15 37.15 27.15 36.9 25.65 40.65 38.15 23.15 27.15 24.4 43.15 37.15 36.15 30.9 59.4 30.9 25.65 37.15 9.65 
23.5 28.5 22.5 12.25 24.5 21.25 22.25 23.75 31.25 23.75 26.0 26.25 21.25 21.25 31.0 25.0 32.5 25.0 28.5 22.25 23.75 25.0 22.25 27.5 29.75 27.5 22.5 30.0 31.25 22.25 25.0 16.25 32.25 28.75 21.25 22.25 26.0 26.5 29.5 13.5 26.5 30.75 27.5 24.5 11.25 26.0 27.25 28.75 27.25 27.5 24.75 22.5 28.5 37.5 22.5 26.5 15.0 26.25 26.0 25.0 27.5 31.0 21.25 27.25 26.25 22.25 30.25 22.25 
9.9 14.65 12.15 5.65 15.9 14.65 15.65 17.15 22.15 18.15 17.15 22.15 15.65 14.65 24.4 18.15 21.9 19.65 15.65 15.65 17.15 12.15 15.65 15.65 18.15 14.65 14.65 20.65 21.15 14.65 19.65 3.65 22.15 17.15 15.65 15.65 17.15 13.65 14.65 3.65 13.65 17.15 14.65 14.65 3.65 20.65 23.15 22.15 15.65 12.15 18.15 15.65 14.65 30.9 14.65 13.65 7.15 25.65 17.15 12.15 14.65 17.15 15.65 14.65 25.65 14.65 22.15 12.4 
6.65 7.15 24.65 27.15 20.65 26.15 27.15 23.65 27.15 21.15 12.15 36.15 26.15 17.15 14.65 23.65 3.65 37.15 19.65 27.15 8.65 22.0 14.65 21.15 22.15 19.65 18.65 26.15 27.15 27.15 12.15 18.15 20.9 21.15 26.15 27.15 24.65 18.65 23.15 21.65 17.65 25.65 19.65 30.65 14.65 12.15 14.65 27.15 4.65 18.65 36.3 31.15 22.15 14.65 19.65 19.65 19.65 19.9 24.65 18.65 18.65 26.3 14.9 17.15 26.15 19.65 27.15 14.15 
21.25 33.25 34.75 44.75 43.0 54.75 54.75 57.25 38.75 44.75 30.75 47.25 54.75 44.75 14.75 42.25 32.25 64.75 44.75 54.75 32.25 42.25 42.25 57.25 44.75 44.75 44.75 54.75 36.25 55.75 28.75 33.75 30.0 44.75 63.0 54.75 43.25 43.75 57.25 33.75 43.75 57.25 44.75 63.0 32.25 29.75 24.75 32.25 32.25 44.75 67.25 66.25 58.25 22.25 52.0 43.75 37.25 28.5 43.25 42.25 44.75 41.25 36.0 45.75 34.75 58.25 36.25 18.75 
32.5 45.5 36.75 15.0 26.0 25.0 25.0 26.25 34.0 27.25 27.25 23.75 26.0 26.25 31.25 27.25 51.75 26.0 44.5 25.0 26.25 34.75 25.0 37.25 36.25 36.25 26.25 36.0 33.75 26.0 25.0 26.0 33.75 36.25 27.25 25.0 27.25 35.25 37.25 16.25 35.25 37.25 36.25 27.25 16.25 25.0 23.75 28.75 36.25 34.75 26.25 26.25 37.25 38.75 25.25 44.5 18.75 22.25 27.25 34.75 51.3 36.25 33.0 37.25 22.25 27.25 33.75 22.5 
15.5 18.75 19.0 11.25 27.75 17.25 16.25 32.25 26.25 31.25 33.75 27.25 16.25 26.25 33.75 33.75 22.5 22.75 18.75 16.25 32.25 17.5 16.25 18.75 21.25 18.75 29.75 23.75 26.25 16.25 32.75 9.25 26.25 22.25 16.25 16.25 33.75 19.75 17.75 21.75 20.75 20.25 18.75 17.75 11.25 33.75 36.25 25.0 16.25 17.5 21.25 17.75 18.75 37.5 28.75 17.75 25.0 36.25 33.75 17.5 19.75 23.75 30.0 16.25 36.25 26.25 25.25 33.0 
21.25 26.25 45.0 27.25 22.25 26.25 27.25 36.25 38.75 54.75 21.25 46.25 27.25 28.75 27.25 34.75 24.75 33.75 37.25 29.75 31.25 36.25 22.25 37.25 42.25 43.75 41.25 49.75 45.4 28.75 31.25 31.25 33.5 38.75 39.75 37.25 33.75 45.25 37.25 31.25 47.75 44.75 43.75 42.25 16.9 32.25 32.25 45.0 32.25 38.75 42.25 36.25 36.25 33.75 41.25 37.75 31.25 28.5 40.0 36.25 58.75 52.25 28.5 36.25 47.25 28.75 46.25 26.25 
26.25 32.25 27.5 38.75 16.25 42.5 43.75 53.75 40.25 53.75 41.0 33.75 43.75 64.75 16.25 62.5 31.25 34.15 43.75 53.75 41.25 41.0 31.25 43.75 45.0 44.75 55.4 32.5 31.25 54.75 40.0 38.75 27.75 43.75 43.75 43.75 54.75 54.75 32.5 58.75 43.75 43.75 44.75 33.75 28.25 30.0 39.15 26.0 31.25 34.75 33.75 43.75 44.75 22.25 64.75 44.75 49.75 32.5 52.25 41.0 43.75 31.5 35.0 54.75 37.5 54.75 40.0 35.0 
16.25 28.25 29.75 39.75 27.25 42.25 44.75 52.25 36.25 39.75 25.75 42.25 47.25 37.25 16.0 37.25 27.25 59.75 37.25 49.75 27.25 29.75 37.25 49.75 39.75 39.75 39.75 52.25 38.75 50.75 26.25 28.75 30.0 34.75 49.75 49.75 38.25 38.75 44.75 28.75 33.75 52.25 39.75 49.75 27.25 27.25 27.25 26.0 27.25 39.75 62.25 61.25 50.75 42.75 38.75 38.75 29.75 26.0 33.25 29.75 39.75 38.75 23.5 40.75 28.5 50.75 38.75 16.25 
14.75 24.75 36.0 23.75 25.0 31.25 31.25 46.25 38.75 51.25 37.25 38.75 28.75 42.25 22.5 48.75 18.75 53.0 33.75 31.25 38.75 32.5 18.75 36.25 36.25 34.75 67.0 43.75 38.75 32.25 36.25 27.25 31.5 36.25 31.25 31.25 49.75 36.25 36.25 39.75 32.75 36.25 37.25 33.75 14.75 36.25 58.0 41.0 18.75 28.75 36.25 32.75 34.75 27.25 46.25 34.75 41.0 42.5 49.75 35.0 33.75 37.75 43.75 32.25 46.25 42.25 39.75 32.25 
16.0 26.25 29.75 25.0 17.25 27.75 31.25 37.75 36.25 38.75 23.75 30.25 32.5 35.65 16.25 37.9 25.0 37.25 35.0 36.25 25.25 27.5 25.4 37.9 45.0 36.5 37.75 38.75 44.0 36.25 27.25 27.25 30.0 32.75 37.5 36.25 42.5 36.75 32.25 28.5 32.15 39.75 37.75 38.5 14.0 26.25 26.25 25.25 25.0 35.0 38.75 37.5 35.0 25.25 37.75 37.5 26.5 27.9 31.25 28.75 36.5 38.75 22.5 39.15 28.75 35.0 38.75 17.25 
22.75 36.25 43.75 39.75 21.25 36.25 39.75 43.75 48.75 44.75 31.25 41.25 37.25 41.25 24.75 44.75 34.75 43.75 47.25 39.75 21.25 39.75 27.25 49.75 49.75 51.25 33.75 39.75 52.75 38.75 29.75 37.75 42.5 48.75 39.75 32.25 43.75 46.25 46.25 30.25 46.25 48.75 48.75 38.75 18.75 27.25 29.75 33.75 32.25 37.25 49.75 42.25 46.25 33.75 37.25 46.25 31.25 36.0 41.25 42.25 38.75 53.75 33.5 46.25 34.75 41.25 48.75 25.25 
27.25 37.25 43.75 28.5 18.25 30.0 33.5 51.25 46.25 38.75 24.75 41.25 35.0 36.25 42.25 36.25 36.25 48.75 47.25 38.5 26.25 38.75 26.0 58.75 49.75 48.75 38.75 61.25 48.75 38.5 26.25 37.5 51.0 43.75 43.75 38.5 37.25 47.75 55.75 29.75 42.75 63.25 48.75 40.75 16.25 27.25 27.25 37.5 37.25 51.25 52.25 51.25 64.75 64.65 38.75 47.75 28.75 27.5 32.25 40.4 48.75 49.75 22.5 49.75 30.0 49.75 47.75 17.25 
17.75 32.25 37.25 42.25 23.75 42.25 42.25 54.75 48.75 64.0 42.25 44.75 40.75 57.25 22.25 55.75 30.75 44.75 44.75 50.5 42.25 42.25 29.75 45.75 44.75 53.0 54.75 45.75 43.75 42.25 41.25 31.25 37.5 44.75 43.25 42.25 54.75 43.75 48.75 59.5 43.75 43.75 44.75 43.75 18.75 47.25 42.25 34.75 29.75 39.75 44.75 43.75 44.75 29.75 53.75 43.75 47.25 49.5 54.75 42.25 44.75 43.75 47.0 42.25 48.25 52.25 44.75 30.25 
9.4 19.65 23.15 19.65 10.65 26.55 28.4 36.15 33.8 37.15 24.65 26.15 29.65 34.9 9.65 37.15 18.4 33.15 32.15 30.9 23.65 24.65 18.4 32.15 48.0 31.15 36.15 32.15 43.65 32.55 25.65 21.9 25.9 28.65 30.9 30.9 51.3 30.15 30.65 28.15 27.65 33.15 31.15 33.15 7.4 28.0 24.65 23.65 18.4 32.15 32.15 32.15 32.15 18.65 36.15 32.15 26.15 28.4 32.15 24.65 31.15 32.15 23.4 30.9 32.15 35.9 32.15 17.3 
37.25 42.25 33.75 58.75 32.25 63.75 63.75 53.75 32.75 43.75 42.25 43.75 63.75 44.75 20.0 53.75 31.25 43.75 53.75 63.75 31.25 53.75 51.25 53.75 53.75 44.75 53.75 33.75 34.75 54.75 30.25 44.75 27.5 53.75 43.75 63.75 44.75 53.75 34.75 49.75 52.75 54.75 44.75 51.0 47.25 21.25 31.25 31.0 41.25 33.75 43.75 62.75 54.75 21.0 53.75 53.75 54.75 25.0 54.75 43.75 53.75 33.75 27.5 54.75 30.0 44.75 53.75 32.25 
17.25 28.75 32.75 32.25 27.25 38.75 42.25 43.75 43.75 43.75 31.25 46.25 41.25 39.75 22.25 43.75 26.25 47.75 42.25 42.25 31.25 46.15 29.75 46.25 57.25 42.25 41.25 43.75 60.6 41.25 30.25 26.25 38.5 43.75 43.75 42.25 56.25 41.25 39.75 32.25 40.25 44.75 42.25 47.25 22.9 32.25 32.25 34.75 27.25 32.75 56.35 45.25 41.25 32.25 42.25 40.25 32.25 37.5 41.25 32.75 41.25 51.35 32.5 38.75 38.75 38.75 43.75 22.25 
17.25 33.85 44.1 29.75 20.75 38.75 39.75 38.75 38.75 51.25 27.25 51.25 38.75 38.75 19.75 38.75 32.85 38.75 46.35 39.75 26.25 36.25 27.25 38.75 39.75 38.75 38.75 38.75 38.75 39.75 26.25 28.75 33.5 38.75 38.75 39.75 39.75 37.75 40.75 29.75 50.25 40.75 38.75 40.75 16.25 27.25 27.25 42.5 27.25 38.75 39.75 38.75 39.75 26.25 38.75 44.35 31.25 32.5 46.0 36.25 64.65 39.75 36.6 39.75 51.25 39.75 37.75 17.25 
27.5 32.25 21.25 23.25 36.0 40.5 33.25 32.25 35.5 32.25 29.75 24.75 32.25 32.25 27.0 29.75 39.75 28.75 33.25 33.25 22.25 28.75 33.25 32.25 41.5 32.25 22.25 19.75 23.75 40.5 21.25 20.25 24.75 32.25 24.75 25.75 38.0 28.75 32.25 21.25 31.25 32.25 32.25 24.75 21.25 34.0 23.25 19.75 30.75 21.25 33.25 31.25 32.25 33.5 24.75 30.25 24.75 22.25 29.75 28.75 24.75 29.75 29.75 32.25 22.25 32.25 23.75 34.95 
22.25 39.5 59.5 28.75 19.75 38.75 38.75 37.75 42.5 42.75 26.25 42.5 37.75 37.75 20.0 37.75 38.5 38.75 52.0 38.75 18.75 40.25 26.25 47.75 43.75 52.75 31.25 35.25 52.5 38.75 31.25 43.75 37.25 43.75 42.75 33.75 38.75 41.75 44.75 29.75 47.75 44.75 42.75 44.75 15.25 23.75 25.0 40.25 31.25 32.75 48.75 37.75 43.75 26.5 32.75 51.0 30.25 27.75 43.75 40.25 54.5 53.75 37.25 43.75 37.75 38.75 41.5 27.25 
27.5 32.25 26.25 12.25 20.0 14.75 17.25 24.75 36.25 24.75 22.25 22.25 19.75 20.75 38.5 22.25 38.5 23.75 29.75 22.25 24.75 21.25 22.25 29.75 34.75 33.25 22.25 37.25 39.75 22.25 25.25 21.25 36.25 29.75 22.25 22.25 22.25 32.25 23.75 11.25 26.25 33.75 33.25 21.25 12.25 27.25 29.75 33.25 32.25 31.25 24.75 20.25 29.75 49.5 22.25 31.25 13.25 27.25 17.25 21.25 32.25 33.75 14.75 32.25 24.75 19.75 39.75 20.0 
23.75 33.75 46.0 25.4 19.0 31.25 31.25 48.75 53.75 37.25 26.25 38.75 29.75 37.25 32.5 39.75 29.75 52.25 43.75 31.25 23.75 42.5 18.75 59.75 46.25 44.75 36.25 62.25 48.75 31.25 26.25 37.25 41.5 46.25 32.25 31.25 38.75 46.25 62.75 28.75 42.75 57.75 47.25 32.75 13.75 31.25 26.25 48.5 28.75 47.5 48.75 45.25 56.25 37.25 36.25 44.75 31.0 38.5 38.75 45.0 43.75 47.75 29.75 41.25 39.75 43.75 52.4 21.25 
12.25 16.5 16.5 17.75 28.75 21.5 22.75 19.25 22.75 19.25 19.0 36.5 21.75 17.75 15.25 20.5 14.25 26.5 19.0 22.75 17.75 15.25 20.25 18.0 20.25 19.0 19.0 30.5 33.75 32.75 20.0 13.75 32.5 20.25 21.75 22.75 21.5 19.0 28.75 16.0 19.0 21.25 19.0 25.0 16.25 29.0 20.25 19.0 15.25 14.0 35.25 24.0 19.0 20.25 20.0 20.0 14.0 30.5 20.25 15.25 19.0 21.5 25.5 17.75 30.5 27.75 22.75 16.0 
21.25 28.75 47.5 23.75 14.0 28.75 28.75 44.75 47.25 31.25 21.25 38.75 28.75 29.75 32.5 33.75 26.25 48.75 38.75 28.75 18.75 36.5 16.25 53.75 41.25 44.75 31.25 58.75 53.75 28.75 27.75 38.75 41.5 41.25 33.75 28.75 33.75 42.25 52.75 23.75 38.75 52.75 42.25 32.75 11.25 23.75 26.25 48.5 26.25 36.5 48.75 39.25 51.25 37.25 31.25 38.75 26.0 32.5 33.75 39.0 38.75 48.75 23.75 38.75 38.75 41.25 49.75 21.25 
21.5 28.75 23.75 11.25 27.75 19.75 21.25 27.25 37.25 26.25 28.75 29.75 22.9 21.25 38.75 28.75 32.5 28.75 28.75 21.25 27.25 20.25 21.25 28.75 31.25 28.75 24.75 33.75 36.25 21.25 27.75 15.25 36.25 32.25 21.25 21.25 28.75 28.75 25.25 12.75 29.75 31.9 28.75 22.75 10.25 28.75 31.25 28.75 26.25 17.75 26.25 21.75 28.75 48.75 22.75 27.75 13.75 31.25 26.25 20.25 29.75 33.75 21.25 26.25 28.75 22.9 36.25 24.0 
21.5 41.6 51.6 23.75 15.0 33.5 35.0 37.5 57.75 51.0 26.25 51.4 34.75 45.0 26.25 39.75 40.1 38.75 52.85 35.0 26.0 38.75 22.5 53.5 47.5 46.25 38.5 49.75 49.75 35.0 25.25 35.0 43.5 48.5 36.0 35.0 38.75 46.5 55.0 25.25 58.75 47.5 47.5 36.25 11.5 36.25 26.25 46.25 32.5 48.75 37.5 35.25 46.25 36.25 36.5 51.85 26.25 43.5 42.5 40.0 73.15 48.75 33.85 45.0 48.5 35.0 48.75 15.25 
8.4 20.65 23.15 18.4 10.65 28.8 29.65 32.15 45.3 33.15 20.65 29.65 29.4 43.4 9.65 45.65 19.4 33.15 30.9 42.15 19.65 24.4 17.15 33.15 33.8 30.9 32.15 33.15 32.15 44.8 19.65 20.65 25.9 32.15 44.4 29.65 34.8 43.65 30.65 33.4 29.9 33.15 32.15 31.9 8.4 21.3 19.65 24.65 18.4 29.4 32.15 30.9 31.9 19.65 43.65 30.9 20.9 26.9 30.65 25.65 30.9 32.15 21.9 44.4 30.65 31.9 32.15 11.3 
40.25 52.25 43.75 42.25 21.25 50.75 52.25 54.75 51.25 49.75 42.25 40.75 52.25 49.75 24.75 54.75 47.25 43.75 64.75 52.25 38.25 68.75 44.75 64.75 64.75 59.75 55.75 54.75 52.25 47.25 35.25 45.25 46.0 83.25 44.75 52.25 49.75 63.75 51.25 42.75 64.75 63.75 59.75 43.75 31.25 32.25 34.75 37.25 57.25 43.75 44.75 52.75 64.75 34.75 53.75 62.75 44.75 31.0 52.25 51.25 70.75 58.75 33.5 64.75 32.25 49.75 61.25 25.25 
17.25 22.75 41.25 23.75 21.25 27.75 28.75 32.75 43.75 33.75 22.75 37.75 28.75 28.75 31.25 36.25 21.25 36.25 36.25 28.75 20.25 35.25 16.25 36.25 40.0 36.25 30.25 41.25 45.0 27.75 23.75 32.25 37.5 37.75 28.75 28.75 36.5 35.25 36.25 27.25 34.25 38.75 36.25 31.25 10.25 23.75 26.25 43.75 21.25 35.25 33.75 30.25 35.25 31.25 31.25 36.25 31.25 32.5 35.25 35.25 35.25 41.25 27.5 32.75 38.75 27.75 44.75 19.75 
32.5 31.25 32.25 14.0 26.5 19.0 19.0 20.25 30.25 21.25 21.25 20.25 20.0 21.25 36.5 21.25 37.5 22.25 30.25 19.0 20.25 49.0 19.0 31.25 30.25 31.25 20.25 31.25 30.25 20.0 22.25 28.5 29.25 30.25 21.25 19.0 21.25 31.25 30.25 16.25 30.25 30.25 31.25 20.25 17.25 20.25 20.25 31.25 30.25 31.0 28.5 21.25 31.25 37.5 21.25 33.25 21.25 21.25 21.25 32.25 30.25 37.5 21.25 31.25 21.25 21.25 32.25 22.5 
11.15 17.15 31.15 29.65 23.65 32.15 32.15 43.15 28.4 32.15 15.9 37.15 30.9 26.9 19.65 28.4 15.9 49.9 25.9 35.9 19.65 23.65 24.65 40.9 29.65 30.65 32.15 44.65 30.9 34.65 17.65 21.15 21.15 27.15 44.65 37.15 28.4 33.15 38.65 23.65 24.65 42.4 33.15 38.65 22.15 19.65 19.65 25.65 17.15 28.65 54.65 49.9 38.4 29.0 32.15 27.4 25.65 20.9 27.15 26.15 29.65 32.15 20.9 28.4 24.65 38.4 32.15 13.65 
9.65 34.8 13.3 19.65 29.65 22.15 24.65 19.65 17.15 20.65 18.15 30.9 28.15 17.15 7.15 18.15 22.3 29.15 18.8 29.65 25.9 10.65 42.15 18.15 19.65 19.65 19.65 30.65 27.4 30.65 20.65 10.65 24.9 14.65 30.65 29.65 18.15 18.65 22.15 9.65 13.65 19.65 19.65 29.65 32.15 42.15 18.4 4.65 32.15 13.15 39.65 29.65 18.15 17.15 18.65 22.3 9.65 21.9 13.15 10.65 21.3 18.65 22.3 20.65 18.15 18.15 19.4 9.65 
27.75 36.25 45.25 28.75 22.75 37.25 36.25 48.75 47.75 38.75 26.25 39.75 33.75 37.25 33.75 38.75 33.75 47.75 48.75 36.25 27.25 48.75 23.75 58.75 48.75 49.75 39.75 58.75 49.75 36.25 25.25 40.25 42.5 49.75 36.25 36.25 38.75 49.75 57.75 32.75 49.75 57.75 49.75 37.75 19.75 26.25 26.25 44.75 33.75 54.6 48.75 47.75 58.75 37.25 39.75 48.75 37.25 30.0 38.75 48.75 49.75 47.75 32.5 46.25 33.75 46.25 48.75 20.25 
27.25 34.75 51.0 26.25 32.5 31.25 31.25 38.75 48.75 47.0 27.25 48.75 31.25 34.75 32.5 38.75 31.25 39.75 46.25 48.0 26.25 45.0 18.75 46.25 48.75 66.75 36.25 58.75 63.75 32.25 31.25 42.25 51.5 48.75 38.75 31.25 39.75 46.25 56.25 40.5 45.25 48.75 47.25 41.25 17.25 36.25 26.25 48.5 31.25 42.5 53.75 35.25 47.25 37.25 36.25 47.25 33.5 42.5 39.75 45.0 46.25 52.75 41.25 44.75 48.75 34.75 49.75 27.25 
42.5 47.25 31.25 27.25 27.5 29.75 32.25 45.5 38.75 37.25 34.75 24.75 34.75 35.75 38.5 34.75 59.75 28.75 44.75 37.25 37.25 36.25 37.25 44.75 47.25 48.25 37.25 50.5 42.25 37.25 35.25 36.25 38.75 50.5 32.25 37.25 34.75 47.25 33.75 26.25 41.25 46.25 48.25 31.25 27.25 32.25 37.25 30.75 47.25 38.75 32.25 35.25 53.0 49.5 37.25 46.25 28.25 27.25 38.0 36.25 47.25 41.25 22.25 47.25 22.25 34.75 47.25 37.5 
11.25 23.5 29.5 33.75 33.75 36.25 38.75 48.75 41.25 37.25 23.5 51.25 42.25 37.9 16.25 37.65 22.25 59.5 32.5 43.75 23.75 26.0 32.9 49.35 36.25 35.0 35.0 61.0 47.75 44.75 26.0 24.75 39.0 31.25 44.75 43.75 36.0 34.0 55.0 25.0 30.65 48.75 35.0 45.0 21.25 40.0 26.25 27.5 21.25 33.5 68.75 57.5 46.0 26.25 34.0 36.0 25.0 45.15 31.0 26.0 35.0 36.5 31.0 36.4 41.0 44.75 39.75 20.0 
15.4 23.75 39.75 23.75 22.75 31.25 31.25 46.25 38.75 47.25 36.25 38.75 29.75 42.25 26.25 49.75 19.75 39.75 33.75 31.25 33.75 33.75 18.75 37.25 37.5 34.75 46.25 39.75 40.0 31.25 36.25 29.75 31.5 36.25 32.25 31.25 50.0 36.25 35.25 38.75 32.75 35.25 37.25 32.75 13.75 36.25 36.25 39.75 20.4 32.5 36.25 32.75 33.75 27.25 46.25 34.75 44.75 43.5 48.75 36.25 33.75 37.75 41.0 31.25 49.75 41.25 40.75 31.25 
18.25 27.5 37.5 23.75 18.5 32.75 48.25 34.0 42.5 29.0 32.0 37.75 32.75 33.75 26.25 35.25 22.75 37.5 38.75 31.25 11.5 37.75 21.25 39.0 40.0 33.75 24.0 31.5 41.25 33.75 15.0 38.0 37.5 44.0 22.75 23.75 36.25 31.5 41.0 25.75 36.75 38.5 35.0 24.75 11.25 15.0 18.75 52.0 23.75 27.75 30.0 30.25 38.75 26.25 25.0 36.25 28.75 31.5 36.25 39.0 32.75 41.25 27.75 36.25 46.0 33.75 38.75 15.75 
15.0 22.25 26.0 31.25 31.0 41.25 41.25 36.25 41.5 37.25 22.25 45.4 42.25 41.25 18.75 32.25 28.5 43.5 31.25 41.25 21.25 29.75 31.25 32.25 31.25 31.25 31.25 33.5 38.75 42.25 27.5 22.25 28.75 31.25 42.25 46.25 32.25 35.25 47.25 26.25 35.25 32.25 31.25 42.25 26.25 32.5 28.75 33.75 21.25 37.25 41.25 41.25 32.25 26.25 35.25 31.25 28.75 42.25 32.25 29.75 31.25 31.25 29.75 32.25 37.25 37.25 38.75 12.5 
24.65 36.65 38.15 28.15 15.65 30.65 35.65 38.15 47.15 38.15 24.15 30.65 38.15 35.65 25.65 35.65 35.65 38.15 45.65 38.15 25.65 38.15 25.65 48.15 58.15 48.15 38.15 48.15 57.15 39.15 24.65 37.15 38.4 45.65 38.15 38.15 49.15 47.15 43.15 27.15 44.65 48.15 51.5 38.15 15.65 25.65 25.65 33.15 35.65 45.65 38.15 37.15 46.65 35.65 37.15 47.15 28.15 26.9 31.65 38.15 48.15 47.15 24.4 49.15 25.65 39.15 47.15 14.65 
26.25 37.25 49.75 27.5 27.25 45.75 37.5 38.75 56.0 39.75 27.25 38.75 38.5 38.75 36.25 39.75 37.25 39.75 48.75 37.5 26.25 49.75 25.0 49.75 68.25 48.75 38.75 49.75 60.0 46.75 26.25 43.5 42.5 48.75 39.75 37.5 59.25 47.75 49.75 28.75 47.75 49.75 48.75 39.75 16.25 34.5 26.25 48.75 36.25 49.75 38.75 38.75 49.75 36.25 37.75 48.75 38.75 33.5 39.75 49.75 48.75 48.75 33.5 49.75 39.75 39.75 48.75 24.5 
4.65 12.15 27.15 27.15 26.15 32.15 32.15 28.15 45.65 32.15 17.15 42.15 32.15 35.65 17.15 42.15 9.65 44.65 24.65 44.65 17.15 23.65 19.65 24.65 27.15 25.65 23.4 32.15 32.15 44.65 14.9 17.15 24.9 27.15 43.4 30.9 29.65 38.15 23.65 32.15 24.65 26.15 25.65 32.4 14.65 17.15 24.65 38.15 9.65 18.65 37.15 32.65 24.65 20.65 35.9 24.65 23.15 25.9 29.65 23.65 24.65 29.65 25.9 34.65 32.15 22.15 33.15 12.15 
21.25 32.25 33.75 40.75 27.25 42.25 45.75 44.75 42.25 44.75 29.75 42.25 47.25 42.25 23.25 42.25 32.25 46.25 43.25 50.75 32.25 33.75 38.25 42.25 45.75 44.75 44.75 44.75 43.75 49.75 31.25 32.75 36.0 39.75 49.75 50.75 42.25 43.75 37.25 33.75 38.75 44.75 44.75 49.75 26.25 33.25 33.25 32.25 33.25 73.0 50.75 48.75 42.25 32.25 44.75 42.75 34.75 33.5 37.25 33.75 44.75 44.75 28.5 44.75 34.75 42.25 43.75 21.25 
2.65 4.65 7.15 7.15 3.65 8.15 7.15 7.15 6.15 8.15 4.65 8.15 8.15 8.8 4.65 9.8 5.65 7.15 7.15 7.15 5.65 8.15 8.0 9.8 7.15 7.15 8.15 8.15 7.15 7.15 4.65 6.15 5.9 8.15 8.15 7.15 7.15 7.15 6.15 5.15 9.8 6.15 7.15 6.15 4.65 4.65 4.65 7.15 4.65 8.15 7.15 7.15 7.15 4.65 7.15 7.15 7.15 8.55 7.15 8.15 8.15 6.15 6.9 8.8 8.15 7.15 7.15 2.65 
16.25 28.75 33.75 17.25 32.25 26.25 27.25 38.75 33.75 39.75 36.25 43.75 27.25 33.75 42.25 39.75 27.25 33.75 32.25 27.25 28.75 33.75 24.75 32.25 34.75 31.25 28.75 27.25 33.75 26.25 31.25 26.25 43.5 36.25 24.75 22.25 38.75 30.25 32.25 26.25 30.25 34.75 31.25 27.25 15.25 34.75 37.25 33.75 27.25 21.25 34.75 31.25 31.25 41.25 31.25 30.25 36.25 38.5 38.75 31.25 28.75 34.75 38.5 28.75 39.75 33.75 33.75 26.25 
20.0 22.25 21.25 12.25 25.0 14.75 16.0 24.75 26.25 24.75 24.75 24.75 17.25 20.75 28.5 24.75 38.5 26.25 19.75 17.25 24.75 15.0 17.25 22.25 24.75 20.75 22.25 27.25 27.25 17.25 25.25 11.25 26.25 23.5 19.75 17.25 24.75 35.65 20.0 13.75 17.5 23.75 23.25 18.75 14.75 27.25 27.25 24.5 19.75 13.75 24.75 17.75 19.75 34.5 22.25 18.75 15.75 26.0 22.25 19.15 19.75 23.75 21.0 19.75 24.75 19.75 27.25 25.0 
